Jubilee 0.83 546.9887084960938 112.47882080078125 605.4838256835938 188.19241333007812
Wolverine 0.80 130.751953125 387.64605712890625 192.73663330078125 447.94598388671875
Jubilee 0.79 294.3309326171875 412.29327392578125 341.359375 491.28045654296875
Cyclops 0.78 79.43560791015625 264.24359130859375 138.5479278564453 344.9267578125
Jubilee 0.66 362.7230224609375 409.70306396484375 418.9281005859375 505.91290283203125
Magneto 0.56 39.79937744140625 52.66827392578125 221.43389892578125 190.17034912109375
Jubilee 0.47 291.01580810546875 410.956787109375 347.14154052734375 519.0224609375
Jubilee 0.41 519.5408325195312 393.15667724609375 566.3694458007812 494.39678955078125
Wolverine 0.41 367.2822265625 64.32705688476562 437.5599365234375 130.01693725585938
Robot 0.31 359.8912353515625 222.33181762695312 577.5068359375 350.9574279785156
Wolverine 0.28 42.38990783691406 53.499114990234375 123.83407592773438 114.83311462402344
Cyclops 0.27 425.07733154296875 398.96893310546875 476.70550537109375 493.93121337890625
