Cyclops 0.86 203.14413452148438 118.2862548828125 253.5281982421875 169.69537353515625
Storm 0.84 33.768394470214844 26.372543334960938 93.75346374511719 94.13633728027344
Robot 0.79 226.730712890625 200.02468872070312 379.60394287109375 272.5697937011719
Storm 0.67 471.074951171875 26.202131271362305 556.6185302734375 74.86979675292969
Wolverine 0.65 89.01321411132812 52.26031494140625 144.43896484375 100.41999816894531
Storm 0.65 248.99838256835938 301.34906005859375 341.5789489746094 361.42498779296875
ProfX 0.60 396.70550537109375 205.21490478515625 451.58197021484375 250.37371826171875
Wolverine 0.57 538.7164306640625 199.13253784179688 610.7847900390625 353.3954162597656
Storm 0.49 89.42315673828125 306.05389404296875 172.30606079101562 363.24822998046875
Storm 0.41 33.25395202636719 374.5079345703125 182.45452880859375 445.842529296875
Wolverine 0.41 175.93197631835938 300.88800048828125 243.61807250976562 362.49188232421875
Robot 0.39 31.442581176757812 199.17776489257812 215.40354919433594 300.21038818359375
Robot 0.35 32.39227294921875 373.4719543457031 187.06756591796875 459.6479797363281
Robot 0.30 32.270751953125 374.135498046875 197.27847290039062 527.4884643554688
