Storm 0.97 261.2249755859375 481.4832763671875 388.13287353515625 534.1194458007812
Storm 0.96 216.67098999023438 362.7608642578125 348.3700256347656 481.5048828125
Storm 0.96 420.32159423828125 408.22650146484375 513.6146240234375 532.7515258789062
Storm 0.94 119.09741973876953 70.31953430175781 218.97174072265625 145.44125366210938
Storm 0.87 327.38262939453125 66.11637878417969 476.08251953125 177.3727569580078
ProfX 0.82 30.593921661376953 364.909912109375 100.65242004394531 463.769775390625
Storm 0.78 500.109130859375 200.44497680664062 599.27978515625 275.4836730957031
Storm 0.66 30.588577270507812 237.7517852783203 129.38568115234375 346.44903564453125
Storm 0.50 196.55401611328125 194.91802978515625 290.557373046875 258.5664978027344
Storm 0.30 134.09925842285156 413.75244140625 195.67140197753906 487.1651611328125
