General_speech 0.92 312.673828125 151.47622680664062 417.7510986328125 188.95492553710938
General_speech 0.91 437.44512939453125 476.3853759765625 593.6714477539062 530.8054809570312
General_speech 0.90 96.9745101928711 24.6829833984375 304.2043762207031 92.23704528808594
General_speech 0.90 315.6378173828125 25.194494247436523 432.4346923828125 71.62458038330078
General_speech 0.90 215.21859741210938 366.6555480957031 329.9137878417969 413.6847229003906
General_speech 0.88 29.093246459960938 25.239959716796875 99.45274353027344 59.666839599609375
General_speech 0.88 71.9458236694336 490.57745361328125 229.66793823242188 528.1219482421875
General_speech 0.86 342.77911376953125 366.74072265625 532.7012329101562 399.6805419921875
General_speech 0.86 115.10366821289062 155.043212890625 285.447998046875 188.484619140625
narration speech 0.84 411.201416015625 196.33653259277344 608.2040405273438 225.3076629638672
General_speech 0.81 223.68115234375 194.97470092773438 357.66943359375 225.93655395507812
