General_speech 0.91 322.56707763671875 25.54766845703125 407.31134033203125 90.09658813476562
General_speech 0.89 410.12188720703125 25.808469772338867 604.2410888671875 58.7061767578125
General_speech 0.89 548.484619140625 469.59466552734375 605.668701171875 492.49346923828125
General_speech 0.85 220.90440368652344 325.7303466796875 296.117919921875 358.70703125
General_speech 0.84 244.54428100585938 425.5220031738281 345.9897766113281 451.7232360839844
narration speech 0.82 367.203857421875 333.28204345703125 607.9926147460938 358.04156494140625
thought_speech 0.81 29.680923461914062 195.94964599609375 132.2274932861328 245.75030517578125
thought_speech 0.76 30.272113800048828 275.44873046875 123.63090515136719 351.3272705078125
narration speech 0.75 31.499725341796875 366.9342956542969 234.47134399414062 385.0289001464844
General_speech 0.72 148.25772094726562 424.9146728515625 212.34649658203125 442.98907470703125
General_speech 0.66 413.6575622558594 441.5018310546875 469.9360046386719 458.13232421875
General_speech 0.55 109.98365783691406 309.212890625 204.47633361816406 358.90673828125
thought_speech 0.45 493.44122314453125 124.60018920898438 604.1602172851562 188.66796875
General_speech 0.29 492.6337585449219 125.69567108154297 603.821044921875 188.72076416015625
