General_speech 0.92 462.26654052734375 260.9803466796875 602.4017944335938 374.2689208984375
thought_speech 0.92 137.5775146484375 30.851097106933594 226.53073120117188 94.7715835571289
General_speech 0.91 42.40782165527344 262.4862365722656 203.3648681640625 333.1370544433594
General_speech 0.91 238.74546813964844 154.02029418945312 338.24853515625 199.28488159179688
thought_speech 0.90 35.1165771484375 30.83728790283203 130.49813842773438 103.9677505493164
General_speech 0.89 115.974853515625 488.5762939453125 249.36819458007812 524.799072265625
thought_speech 0.89 138.1551513671875 189.6103515625 232.86773681640625 248.50360107421875
General_speech 0.86 404.96954345703125 547.1870727539062 566.0585327148438 590.5969848632812
General_speech 0.83 245.92071533203125 407.2685546875 354.13470458984375 452.270751953125
General_speech 0.83 395.9908447265625 40.23479461669922 569.6739501953125 71.51168060302734
narration speech 0.83 48.35355758666992 222.78152465820312 109.59895324707031 237.24014282226562
narration speech 0.82 240.03558349609375 39.70744323730469 334.01153564453125 61.05059814453125
General_speech 0.74 372.23541259765625 402.0611572265625 462.86944580078125 460.9283447265625
General_speech 0.67 261.19384765625 401.98858642578125 465.657470703125 484.75543212890625
General_speech 0.51 257.8251953125 447.6173095703125 359.7398681640625 484.6650390625
