General_speech 0.91 420.35931396484375 429.8808288574219 561.8045043945312 492.3699645996094
General_speech 0.89 39.421844482421875 362.62481689453125 235.58920288085938 410.2230224609375
General_speech 0.89 303.297119140625 197.78121948242188 415.75335693359375 252.05484008789062
General_speech 0.88 295.48876953125 414.3770751953125 365.5177001953125 450.41357421875
narration speech 0.87 34.13646697998047 25.773590087890625 254.115234375 59.978790283203125
General_speech 0.87 44.1646728515625 244.84547424316406 147.59197998046875 287.926025390625
General_speech 0.85 38.27003860473633 406.4833679199219 103.59336853027344 447.2226867675781
thought_speech 0.84 441.8995361328125 197.58102416992188 610.70458984375 235.67440795898438
General_speech 0.83 66.8533935546875 221.45228576660156 190.1856689453125 255.76100158691406
General_speech 0.79 523.3401489257812 258.087890625 609.9474487304688 322.60235595703125
narration speech 0.72 323.94097900390625 24.697050094604492 468.54925537109375 40.81578063964844
blast_sound 0.42 459.6346435546875 124.46600341796875 545.185546875 154.18679809570312
