General_speech 0.93 324.33953857421875 25.720443725585938 433.33306884765625 76.6211929321289
General_speech 0.88 362.58697509765625 192.29811096191406 426.67962646484375 221.48048400878906
General_speech 0.87 517.582275390625 450.3707275390625 604.555908203125 520.0908203125
General_speech 0.86 405.871337890625 205.13516235351562 514.884765625 236.91885375976562
General_speech 0.86 116.4576416015625 233.93368530273438 197.58468627929688 267.3474426269531
General_speech 0.85 437.79010009765625 28.957252502441406 512.9306640625 58.7032470703125
thought_speech 0.85 36.16925048828125 476.0880126953125 183.52719116210938 534.2554321289062
General_speech 0.84 30.269805908203125 30.110837936401367 148.2857666015625 56.47662353515625
General_speech 0.83 89.93588256835938 357.08013916015625 268.3540954589844 403.71746826171875
General_speech 0.83 475.34539794921875 109.29685974121094 607.9263305664062 183.3176727294922
General_speech 0.82 30.435638427734375 185.94808959960938 183.49725341796875 241.97537231445312
thought_speech 0.76 182.720947265625 254.26596069335938 313.8833312988281 334.2046813964844
General_speech 0.75 420.77008056640625 357.4818115234375 556.6090698242188 399.36468505859375
General_speech 0.67 412.94586181640625 283.44171142578125 604.9924926757812 344.35675048828125
General_speech 0.67 203.7990264892578 26.085784912109375 312.33404541015625 135.6042938232422
General_speech 0.64 211.00143432617188 58.34889221191406 313.2696838378906 135.30760192871094
General_speech 0.58 166.91717529296875 26.281410217285156 297.87310791015625 70.61482238769531
