General_speech 0.93 872.196533203125 95.76439666748047 1170.74658203125 248.0165557861328
General_speech 0.92 564.8677978515625 535.2907104492188 724.3070068359375 739.4647827148438
General_speech 0.91 303.86248779296875 1202.0068359375 514.6728515625 1465.471435546875
General_speech 0.91 96.978271484375 543.7393188476562 253.51004028320312 725.8198852539062
General_speech 0.91 1042.9813232421875 524.7909545898438 1188.0350341796875 722.3937377929688
General_speech 0.90 819.5607299804688 562.9466552734375 940.7303466796875 709.8490600585938
General_speech 0.90 567.6653442382812 1225.96435546875 721.473388671875 1405.691650390625
General_speech 0.88 343.2766418457031 555.1287231445312 468.90277099609375 700.5272216796875
General_speech 0.87 1038.7933349609375 1225.4129638671875 1123.732666015625 1320.900146484375
General_speech 0.85 869.8544921875 1535.222900390625 973.2127075195312 1717.072998046875
General_speech 0.82 993.8047485351562 212.30445861816406 1124.154052734375 327.96185302734375
General_speech 0.78 1052.7352294921875 1798.0308837890625 1160.9945068359375 1868.42041015625
General_speech 0.70 96.02042388916016 1232.4949951171875 244.57449340820312 1406.7374267578125
General_speech 0.63 505.1606750488281 311.401123046875 780.480712890625 457.9828796386719
General_speech 0.56 561.8496704101562 372.3955993652344 781.6796264648438 456.0464172363281
General_speech 0.52 142.76934814453125 98.84913635253906 563.1082763671875 274.285888671875
