General_speech 0.91 713.8681640625 1550.569091796875 857.2651977539062 1665.357177734375
General_speech 0.91 94.58360290527344 996.2774658203125 366.9593811035156 1299.28564453125
General_speech 0.90 126.93094635009766 446.4271545410156 374.66259765625 655.1920166015625
General_speech 0.89 609.3756713867188 438.8583679199219 814.4216918945312 620.6984252929688
General_speech 0.86 672.7734375 132.94371032714844 912.106201171875 325.3541259765625
General_speech 0.86 993.6758422851562 92.83867645263672 1219.825927734375 236.94134521484375
General_speech 0.84 668.5219116210938 1671.122314453125 878.5431518554688 1783.5465087890625
General_speech 0.84 621.0342407226562 94.9756088256836 770.9925537109375 178.24639892578125
General_speech 0.70 752.8589477539062 1041.258056640625 991.4248657226562 1415.890625
General_speech 0.39 522.2512817382812 993.3059692382812 778.58251953125 1204.778076171875
