General_speech 0.91 877.2870483398438 422.3349304199219 1185.4327392578125 594.1774291992188
General_speech 0.88 868.3255004882812 1408.07080078125 1136.357666015625 1751.90185546875
General_speech 0.87 317.594970703125 905.8450927734375 493.1502685546875 1026.4964599609375
General_speech 0.84 455.9913024902344 1396.7803955078125 725.529541015625 1555.0003662109375
General_speech 0.84 792.3561401367188 1140.5013427734375 939.7365112304688 1296.375732421875
General_speech 0.82 484.3002624511719 499.5063171386719 713.6814575195312 667.7096557617188
General_speech 0.78 461.674072265625 419.6943664550781 698.1548461914062 521.1342163085938
General_speech 0.76 426.0903625488281 902.6412353515625 945.8868408203125 1096.1689453125
General_speech 0.67 371.3728332519531 915.018310546875 950.2899780273438 1313.8951416015625
General_speech 0.66 546.4646606445312 737.1013793945312 720.2236938476562 853.4083251953125
General_speech 0.65 509.83624267578125 1565.347900390625 1014.8206787109375 1709.8092041015625
General_speech 0.52 333.587646484375 1101.378173828125 603.0250244140625 1318.4676513671875
