Wolverine 0.99 32.6912841796875 394.38677978515625 111.94413757324219 493.75531005859375
Storm 0.79 167.62925720214844 418.54443359375 221.0532989501953 485.6182861328125
Robot 0.75 260.63330078125 199.74005126953125 412.3800048828125 339.30859375
Cyclops 0.72 355.4638671875 375.430908203125 416.05126953125 447.1641845703125
Jubilee 0.51 322.2530517578125 24.882156372070312 405.00445556640625 97.7520980834961
Robot 0.46 93.61392211914062 204.06280517578125 250.47488403320312 331.28924560546875
Wolverine 0.40 51.50979995727539 128.72763061523438 165.37774658203125 180.75677490234375
Cyclops 0.36 295.60565185546875 430.0901184082031 384.13397216796875 484.7405090332031
Wolverine 0.35 498.5885009765625 94.03448486328125 601.919921875 183.98855590820312
Wolverine 0.35 32.51655578613281 276.0434875488281 161.3088836669922 354.4361267089844
Cyclops 0.34 338.6136474609375 454.78240966796875 414.4814453125 535.6980590820312
Robot 0.31 84.92169189453125 24.311321258544922 237.3250732421875 128.5095977783203
Jubilee 0.31 296.04302978515625 430.99151611328125 371.89691162109375 485.6842041015625
Cyclops 0.30 553.3800659179688 410.01007080078125 600.4140014648438 440.24505615234375
Wolverine 0.30 231.0845184326172 394.86322021484375 294.29791259765625 486.02874755859375
Gambit 0.27 296.4497985839844 430.669677734375 389.1673889160156 485.70892333984375
