Kingpin 0.84 249.5806884765625 464.9805908203125 324.53460693359375 522.570068359375
Dr Doom 0.78 185.47793579101562 439.66998291015625 244.59384155273438 495.89166259765625
Captain America 0.73 455.1564636230469 465.820556640625 597.7236328125 569.120361328125
Morbius 0.64 135.91653442382812 494.70123291015625 224.0758056640625 559.2039184570312
Doc ock 0.33 73.68788146972656 360.9344177246094 143.63223266601562 415.3246154785156
Man 0.32 72.1212158203125 358.712890625 146.91079711914062 413.560302734375
Man 0.32 136.52923583984375 495.3465576171875 224.36346435546875 560.3272705078125
Spiderman 0.26 391.2703857421875 260.52264404296875 508.62890625 342.92816162109375
Goblin 0.26 50.2684211730957 410.78057861328125 115.70570373535156 467.98187255859375
venom 0.25 310.379638671875 219.49188232421875 400.60980224609375 278.8155517578125
